0.000000000000000000e+00 0.000000000000000000e+00
0.000000000000000000e+00 0.000000000000000000e+00
6.017870274661162354e+51 1.319160899925571130e+03
0.000000000000000000e+00 0.000000000000000000e+00
0.000000000000000000e+00 0.000000000000000000e+00
9.905084824711203736e+50 5.297143326622073118e+02
4.977267207662278461e+51 1.196789344222169348e+03
2.820737043522602027e+49 7.656321967282453045e+01
4.903939840071604740e+50 3.706613302168603354e+02
6.110764140646254906e+50 4.150102549423363598e+02
2.433782340996047891e+51 8.346820967729690892e+02
0.000000000000000000e+00 0.000000000000000000e+00
1.267461909036667503e+52 1.920668024471699937e+03
2.011869712550612649e+50 2.340366309070809905e+02
0.000000000000000000e+00 0.000000000000000000e+00
2.917819111003413065e+51 9.148282272176534207e+02
0.000000000000000000e+00 0.000000000000000000e+00
8.968545412739831032e+49 1.568372242974429014e+02
0.000000000000000000e+00 0.000000000000000000e+00
4.218487974375369476e+51 1.102306749671692160e+03
5.773058467762646293e+51 1.288849072673138835e+03
1.113803610740297065e+52 1.799702945234364506e+03
2.964522853168050013e+51 9.206930807331981441e+02
0.000000000000000000e+00 0.000000000000000000e+00
1.302762871175550516e+52 1.949638962009469196e+03
0.000000000000000000e+00 0.000000000000000000e+00
5.380980206753233896e+51 1.236815858700860417e+03
3.216032235033686353e+53 9.862429823643189593e+03
0.000000000000000000e+00 0.000000000000000000e+00
1.345075039439314700e+52 1.981870528965590211e+03
0.000000000000000000e+00 0.000000000000000000e+00
1.668409771323425666e+51 6.888443023879044631e+02
0.000000000000000000e+00 0.000000000000000000e+00
0.000000000000000000e+00 0.000000000000000000e+00
1.301899191098327113e+51 6.065004905657009431e+02
0.000000000000000000e+00 0.000000000000000000e+00
4.359624308094621931e+50 3.494524208306672790e+02
3.793884751587958924e+51 1.041342957271847808e+03
3.132849427908246396e+51 9.483658518956435728e+02
0.000000000000000000e+00 0.000000000000000000e+00
1.891019866081741896e+51 7.342542844013130434e+02
2.161519833480100728e+52 2.518650501269745746e+03
2.355953269760106469e+51 8.210887706282327372e+02
5.223239509819467199e+51 1.228378422794864264e+03
0.000000000000000000e+00 0.000000000000000000e+00
3.301385451385106708e+52 3.120438668293299997e+03
0.000000000000000000e+00 0.000000000000000000e+00
2.598557947314309836e+52 2.764021877853717342e+03
1.757366011819732646e+51 7.079435287144906397e+02
7.026068461316194160e+51 1.426488187840804130e+03
6.328051941071494784e+51 1.330438096919172040e+03
2.716919204214804417e+51 8.818260450790986624e+02
3.043001659853818990e+50 2.911964389827868445e+02
0.000000000000000000e+00 0.000000000000000000e+00
2.143087993927860448e+52 2.507725558473619458e+03
5.053796387829114954e+51 1.204932396504347480e+03
0.000000000000000000e+00 0.000000000000000000e+00
0.000000000000000000e+00 0.000000000000000000e+00
2.336861152854774316e+51 8.174927105272447534e+02
0.000000000000000000e+00 0.000000000000000000e+00
0.000000000000000000e+00 0.000000000000000000e+00
1.068234781234401092e+52 1.763743978309950080e+03
0.000000000000000000e+00 0.000000000000000000e+00
0.000000000000000000e+00 0.000000000000000000e+00
1.115102119280736662e+50 1.709106886791271052e+02
6.183755515860765908e+51 1.337736674927214835e+03
7.053357516349478538e+50 4.459332167806088592e+02
0.000000000000000000e+00 0.000000000000000000e+00
6.562650337001685383e+51 1.378600740712727429e+03
4.985966621832313752e+51 1.199808051485679925e+03
1.331817587046889228e+52 1.970559091848105481e+03
3.776335743152918862e+50 3.246251738812536587e+02
1.141465767121377292e+52 1.820735999373505592e+03
0.000000000000000000e+00 0.000000000000000000e+00
8.492975453087905531e+51 1.570045842117829579e+03
1.740848494861079084e+51 7.046254649054568517e+02
0.000000000000000000e+00 0.000000000000000000e+00
1.966561120184513579e+51 7.494405601821879372e+02
0.000000000000000000e+00 0.000000000000000000e+00
0.000000000000000000e+00 0.000000000000000000e+00
4.871617023599592128e+51 1.185012684224165241e+03
3.962280872052833292e+51 1.062642330708353484e+03
1.182642535611150604e+51 5.795007150259677928e+02
0.000000000000000000e+00 0.000000000000000000e+00
8.687667487099610550e+49 1.472013577096015808e+02
1.114843589507361204e+51 5.623572332435416001e+02
0.000000000000000000e+00 0.000000000000000000e+00
0.000000000000000000e+00 0.000000000000000000e+00
8.936887297758547350e+50 5.022356687152834525e+02
6.979875483041751452e+51 1.419920644923279269e+03
2.082983107267499217e+49 7.254519417466151765e+01
2.019174408986791903e+52 2.433579714990380126e+03
1.349201035909297616e+51 6.183316756886611074e+02
0.000000000000000000e+00 0.000000000000000000e+00
4.210290591343308045e+52 3.528773532119598713e+03
0.000000000000000000e+00 0.000000000000000000e+00
0.000000000000000000e+00 0.000000000000000000e+00
1.352397504134712388e+52 1.985778577973465872e+03
0.000000000000000000e+00 0.000000000000000000e+00
0.000000000000000000e+00 0.000000000000000000e+00
6.098611026093133093e+51 1.327971240066218797e+03
0.000000000000000000e+00 0.000000000000000000e+00
1.329746993239295745e+52 1.968595490722623254e+03
0.000000000000000000e+00 0.000000000000000000e+00
0.000000000000000000e+00 0.000000000000000000e+00
0.000000000000000000e+00 0.000000000000000000e+00
5.253831087357520995e+51 1.174940921163765097e+03
1.744596626359841968e+52 2.258686433080394636e+03
2.883421916552970597e+51 9.085512846475942297e+02
1.912999123080178119e+50 2.299539115511245484e+02
0.000000000000000000e+00 0.000000000000000000e+00
1.124479347578415619e+52 1.806352701783269367e+03
0.000000000000000000e+00 0.000000000000000000e+00
1.810708988518057498e+51 7.174541946568111825e+02
0.000000000000000000e+00 0.000000000000000000e+00
8.078548149171093897e+49 1.249178582934924577e+02
8.088771799643887541e+49 1.463848402254893415e+02
1.912146640485763767e+51 7.370888940422127007e+02
0.000000000000000000e+00 0.000000000000000000e+00
0.000000000000000000e+00 0.000000000000000000e+00
3.923640142571721426e+51 1.062834486836462929e+03
1.802153147985019173e+50 1.499825626879842275e+02
0.000000000000000000e+00 0.000000000000000000e+00
0.000000000000000000e+00 0.000000000000000000e+00
0.000000000000000000e+00 0.000000000000000000e+00
2.386502112219533411e+51 8.265342925781055783e+02
6.251867463982104621e+51 1.343710819719921119e+03
9.358481938647422922e+50 5.146849296607363158e+02
5.866260876584119503e+51 1.302661983790523891e+03
1.696823706777412369e+50 2.149083333358112213e+02
0.000000000000000000e+00 0.000000000000000000e+00
1.209904877737534177e+52 1.877621990129008736e+03
2.046402614285200207e+52 2.450159199756596081e+03
8.943130997362948649e+51 1.611954593875409500e+03
1.616394946567572389e+51 6.784503081845276711e+02
0.000000000000000000e+00 0.000000000000000000e+00
3.124608841565408586e+50 2.953383777649141848e+02
2.884135921160202433e+51 9.011016483214273194e+02
8.172702850984061775e+49 1.472660854176039038e+02
1.030526084376491680e+52 1.731420824831805703e+03
0.000000000000000000e+00 0.000000000000000000e+00
0.000000000000000000e+00 0.000000000000000000e+00
0.000000000000000000e+00 0.000000000000000000e+00
0.000000000000000000e+00 0.000000000000000000e+00
0.000000000000000000e+00 0.000000000000000000e+00
0.000000000000000000e+00 0.000000000000000000e+00
1.089171028530604475e+52 1.776951315727893189e+03
9.651220435157763465e+50 5.226627444007817758e+02
7.531741538800930238e+51 1.476780975968229541e+03
0.000000000000000000e+00 0.000000000000000000e+00
8.179220561885948543e+52 4.935974907692695524e+03
0.000000000000000000e+00 0.000000000000000000e+00
1.357087505430737694e+51 6.211974295157122015e+02
0.000000000000000000e+00 0.000000000000000000e+00
2.358924699132549319e+52 2.632349874977322997e+03
1.427200648939466730e+51 6.353374102201620417e+02
0.000000000000000000e+00 0.000000000000000000e+00
1.845024377135982435e+51 7.249943719101631814e+02
4.588654087063098605e+51 1.149947309681886054e+03
1.100893477026053953e+50 1.656641263221553118e+02
9.437886306903675851e+50 5.164166192548764229e+02
0.000000000000000000e+00 0.000000000000000000e+00
0.000000000000000000e+00 0.000000000000000000e+00
0.000000000000000000e+00 0.000000000000000000e+00
1.683707545104895089e+51 6.900797857976356227e+02
0.000000000000000000e+00 0.000000000000000000e+00
0.000000000000000000e+00 0.000000000000000000e+00
0.000000000000000000e+00 0.000000000000000000e+00
2.026205477687622034e+51 7.582511513397105318e+02
0.000000000000000000e+00 0.000000000000000000e+00
9.821038995283275572e+50 5.246991163489071823e+02
6.317804696603654982e+51 1.350825282706771759e+03
0.000000000000000000e+00 0.000000000000000000e+00
1.016732733370724430e+50 1.587416174605070012e+02
0.000000000000000000e+00 0.000000000000000000e+00
0.000000000000000000e+00 0.000000000000000000e+00
0.000000000000000000e+00 0.000000000000000000e+00
5.773220942382018161e+50 4.025778364268189762e+02
0.000000000000000000e+00 0.000000000000000000e+00
0.000000000000000000e+00 0.000000000000000000e+00
0.000000000000000000e+00 0.000000000000000000e+00
0.000000000000000000e+00 0.000000000000000000e+00
5.021700754956543853e+51 1.204151133252704312e+03
0.000000000000000000e+00 0.000000000000000000e+00
5.586173212657562715e+50 3.882901747991378443e+02
0.000000000000000000e+00 0.000000000000000000e+00
5.163538870359656229e+51 1.213551183730360208e+03
4.507263745951453403e+49 1.089425815657604346e+02
5.115147805837309405e+50 3.762661481989697450e+02
0.000000000000000000e+00 0.000000000000000000e+00
0.000000000000000000e+00 0.000000000000000000e+00
0.000000000000000000e+00 0.000000000000000000e+00
0.000000000000000000e+00 0.000000000000000000e+00
2.597494748608338843e+51 8.593805958969728636e+02
0.000000000000000000e+00 0.000000000000000000e+00
2.596179696811820763e+50 2.669868594750436159e+02
9.009929678968573841e+51 1.533247102473940686e+03
0.000000000000000000e+00 0.000000000000000000e+00
9.072098607443706559e+50 5.051939300840076612e+02
0.000000000000000000e+00 0.000000000000000000e+00
6.962584331871642428e+49 1.195128950815973070e+02
1.081239669378940210e+50 1.032181203034573684e+02
0.000000000000000000e+00 0.000000000000000000e+00
0.000000000000000000e+00 0.000000000000000000e+00
6.961795683078081842e+51 1.416289482389533077e+03
0.000000000000000000e+00 0.000000000000000000e+00
3.225591410162095241e+51 9.626600239798457324e+02
3.873180286707047217e+52 3.382051880485945276e+03
2.010186295164014146e+51 7.573755124442172928e+02
0.000000000000000000e+00 0.000000000000000000e+00
8.992810546105164735e+49 1.129763492696090736e+02
0.000000000000000000e+00 0.000000000000000000e+00
0.000000000000000000e+00 0.000000000000000000e+00
0.000000000000000000e+00 0.000000000000000000e+00
1.448242473422625694e+50 1.965418889582799125e+02
8.820641432847252615e+51 1.600620771454430269e+03
2.286887960062404321e+51 8.077687939628010554e+02
1.642349497250167990e+50 1.426113801123148903e+02
2.746804386426654603e+51 8.844729882699733707e+02
1.547634366326609923e+52 2.126291674678234813e+03
3.585367191610822744e+51 1.015027508256278452e+03
1.974925863202881948e+52 2.405851971495005273e+03
5.095952472680940100e+51 1.000517259307295490e+03
