4.039776037404895631e-02 5.686951378997335951e+02
0.000000000000000000e+00 0.000000000000000000e+00
1.036306995619905719e-01 9.120426102439004126e+02
5.814930055558520383e-01 2.191417247198859513e+03
0.000000000000000000e+00 0.000000000000000000e+00
1.449123050952027571e-02 3.383459651501437975e+02
9.940383402968647197e-02 8.936165732437718816e+02
1.468198618397584861e-03 7.411757643486912173e+01
1.122811995696161233e-02 2.977862052604030509e+02
9.312586756033068916e-03 2.711778252298881853e+02
2.859152399243652942e-02 4.775304875531749644e+02
5.154113917650009480e-01 2.062319731243452225e+03
2.775393793397517572e-01 1.494913526675504954e+03
6.218106148909500336e-03 2.102197370248306072e+02
1.786375564711432939e-01 1.207224461028931501e+03
3.630061938366702795e-02 5.380722377281348372e+02
1.282362280928918408e-01 1.020745339722455356e+03
2.814057698388266072e-03 1.449335590429427612e+02
0.000000000000000000e+00 0.000000000000000000e+00
6.158641852225697766e-02 7.032119214428443001e+02
1.487167805208142735e-01 1.079541701459061642e+03
2.476333786333434761e-01 1.413009743135773988e+03
7.626246641509965007e-02 7.702131354836635637e+02
0.000000000000000000e+00 0.000000000000000000e+00
1.706895521030221130e-01 1.176134010235173264e+03
0.000000000000000000e+00 0.000000000000000000e+00
1.572254539143995433e-01 1.094256231445676349e+03
5.154687017350475742e+00 6.589467831894315168e+03
9.202179894041575547e-01 2.761191259786987303e+03
1.474210893299272018e-01 1.096582402698349142e+03
1.162803471454891824e-01 9.710618824024555806e+02
3.133897619802607226e-02 4.997480794973189973e+02
2.035228149796076691e-01 1.290476171532480748e+03
8.952998282731829127e-02 8.518581208859930030e+02
3.257686425964547577e-02 5.021309909768447142e+02
2.127307315119567332e-01 1.319394213206480799e+03
8.217187448271021794e-03 2.540819570711864230e+02
9.109984995121249429e-02 8.499727848615078756e+02
3.171178238319879994e-02 5.031784102065520301e+02
2.197520884529199914e-02 4.182795875976281650e+02
3.199839143831097188e-02 5.036540218619793450e+02
2.089166826543242816e-01 1.304918421509398740e+03
3.213336448988009936e-02 5.054186618320028401e+02
7.973424052799535366e-02 8.035132535621020224e+02
5.668026383472020424e-02 6.748223456992610636e+02
3.434440757581171955e-01 1.681100118414492044e+03
7.498473604365346601e-02 7.781381008107268826e+02
3.980288321154221709e-01 1.809040111169883858e+03
1.959465173490523154e-02 3.950523562282136254e+02
9.347474951368060780e-02 8.673113308483733590e+02
1.967260967769917934e-01 1.202310502233850684e+03
5.587411264443027659e-02 6.660412004692259416e+02
9.252504613423114324e-03 2.592009055320330617e+02
0.000000000000000000e+00 0.000000000000000000e+00
3.464953599540733786e-01 1.683055637808347456e+03
1.145578449526151038e-01 9.644027414192797778e+02
6.125908066007688113e-01 2.253363895525710632e+03
1.031048468205998381e-01 9.149209286082791550e+02
3.279393997553609746e-02 5.107689530188493450e+02
2.350799670520873352e-01 1.388176831357832043e+03
7.580631048489053780e-01 2.505964000200476221e+03
1.847937049102842677e-01 1.221785423959434411e+03
2.286451026365787231e-01 1.368354819088706563e+03
1.777088226271981153e-01 1.204350621010019040e+03
5.245768596684166098e-03 1.631273093374481675e+02
7.204192970788911299e-02 7.621781470475049218e+02
1.453745223572501001e-02 3.370883635731521508e+02
1.208576923329580666e-01 9.909302809040850661e+02
4.245085777510512054e-02 5.831314492970783476e+02
8.645562983657752165e-02 8.320820808409616802e+02
2.367678493165708276e-01 1.391372238036274666e+03
9.724429402274489473e-03 2.718084181435484652e+02
2.419784372180934784e-01 1.394782724425501328e+03
9.407715027858992718e-02 8.735111860321368340e+02
1.128990273007772493e-01 9.542002690598103527e+02
3.199919117031040094e-02 5.038310407977655814e+02
6.106844321207777204e-02 7.015824037086965745e+02
2.715136493767197901e-02 4.641713377023147586e+02
0.000000000000000000e+00 0.000000000000000000e+00
3.958592355032967691e-01 1.805230875441825674e+03
8.073162781626058715e-02 8.048887677896019568e+02
1.044691701402162415e-01 9.083516605955636578e+02
1.308367775084519173e-02 3.221514099983059509e+02
0.000000000000000000e+00 0.000000000000000000e+00
3.503729410803414421e-03 1.397595751150417698e+02
1.687703246682258421e-02 3.661895651473158182e+02
1.448432690943365075e-01 1.085579947707723477e+03
6.300989357586270767e-01 2.285343591642470983e+03
1.889029971578545450e-02 3.841602019239716128e+02
1.522076527067268981e-01 1.103041263175680342e+03
6.536314275623715791e-04 6.778700490193442363e+01
1.443400934518402623e-01 1.081998563731645845e+03
3.012297007703184162e-02 4.873954025037033375e+02
7.558531734637665700e-01 2.505371549782310467e+03
4.849951782023875224e-01 1.996436435444291419e+03
3.610867025248145623e-01 1.720240003559433262e+03
6.150040195864489023e-01 2.251922326851923572e+03
2.787226172771486987e-01 1.500921933238614656e+03
4.939495785708735709e-01 2.020905797952638068e+03
3.315890634053423880e-01 1.652036586236564744e+03
9.404035548807532230e-02 8.730583113559324602e+02
7.623786771481776414e-01 2.514024735974661780e+03
2.393233835355585704e-01 1.392645086804172252e+03
4.093836460544978406e-01 1.837323386491307247e+03
2.601621939932623195e-02 4.560603627896578587e+02
0.000000000000000000e+00 0.000000000000000000e+00
2.765103518011784445e-01 1.129462119058006920e+03
3.872802348006155748e-01 1.771387036218016874e+03
5.905862130308758839e-02 6.851800899970357932e+02
5.775644368630962477e-03 2.044827086137399874e+02
4.631924490747615919e-01 1.953515433260402006e+03
2.893706353693327182e-01 1.511677574111479998e+03
1.147608167588430317e-01 9.656667544351878405e+02
4.794312963484842482e-02 6.197404617872599601e+02
4.043976103773028186e-01 1.824739382749264223e+03
4.171642039647626039e-03 1.212927066780937935e+02
2.540511918798479211e-03 1.336523535886921650e+02
6.005133443110151348e-02 6.810837749802683447e+02
1.362882178388662657e+00 3.373373272360767714e+03
5.879601601976128800e-01 2.207034437195240571e+03
5.082936031922915404e-02 6.375127072529290899e+02
8.485344404118423320e-03 1.474649119112622202e+02
7.686300077683151655e-02 7.883421555593220091e+02
0.000000000000000000e+00 0.000000000000000000e+00
3.842460850144232554e-01 1.777764620713932572e+03
3.268427915089629904e-02 5.097855407482715009e+02
1.165297795311859286e-01 9.699133982177233975e+02
1.608265989269715146e-02 3.555217999595311085e+02
4.322738672940448779e-02 5.881637465455938809e+02
5.363738429202848448e-03 1.976784771522589779e+02
9.197763726789418004e-02 8.634285061716159362e+02
1.817843658301546705e-01 1.217898314091759858e+03
4.251612816317177357e-01 1.856908234458605875e+03
1.152072998866757736e-01 9.643116374316531392e+02
3.761928102556275771e-02 5.472952075577022697e+02
9.866285329115394298e-02 8.943589859344806428e+02
6.864483291437858438e-03 2.302128921020301959e+02
7.911334340516366914e-02 7.875084055355991950e+02
2.568692239453858241e-03 1.346120763828010354e+02
1.363613870741016976e-01 1.049799808156337122e+03
4.024995326542109009e-01 1.821547299289919465e+03
4.417023071248277200e-02 5.954993579656110114e+02
9.552113694898267671e-01 2.820820340954937819e+03
4.180216649543243290e-02 5.789734085427973014e+02
1.425276612232561635e-01 1.076905510265779412e+03
4.790161957446975594e-01 1.989399208467016251e+03
2.469737256665385794e-01 1.423416118814643141e+03
1.540812902695547389e-02 3.490114675246580305e+02
1.472898750588171324e-01 1.092867667070861444e+03
8.807773000959295828e-02 8.438459019060339870e+02
1.035182335196398906e+00 2.935623912418011059e+03
3.239953384777684020e-01 1.631324543819999235e+03
3.480210333858873434e-02 5.181919256616273515e+02
6.544598501210902031e-01 2.329770253410197256e+03
4.533424553962917547e-01 1.932692390763315416e+03
4.522733110123733358e-02 5.860024235485177542e+02
1.477844147451054524e-01 1.097284592891243619e+03
3.285565914700052520e-02 5.100742450910756247e+02
7.366738464818302357e-02 7.697266670204281809e+02
3.820844284216368646e-03 1.560417302450274519e+02
1.771465828460862604e-02 3.744679235791415408e+02
6.678799021976223882e-01 2.352180414717658550e+03
5.618383797165041882e-01 2.152363609915938923e+03
2.713679406644918246e-01 1.490054811521680449e+03
4.354253915739828701e-02 5.800315087147961322e+02
2.193584785760433753e-01 1.338763101327194818e+03
2.915639459546565115e-01 1.545368191636159054e+03
3.158219762498549965e+00 5.164721294310327721e+03
5.046139469801350780e-02 6.268283491248010932e+02
0.000000000000000000e+00 0.000000000000000000e+00
2.586646686642023879e-02 4.480947918040629929e+02
1.195479047787206123e-01 9.846781600978756614e+02
0.000000000000000000e+00 0.000000000000000000e+00
3.734340940852353546e-03 1.500381770890045630e+02
2.353355238389430171e-01 1.387782733430860162e+03
1.719974432351923099e-01 1.184012157146870322e+03
1.832060409619381269e-01 1.223306949676901922e+03
1.533515523804995957e-02 3.462462179285958541e+02
0.000000000000000000e+00 0.000000000000000000e+00
3.186793318957211185e-01 1.619033313707638854e+03
0.000000000000000000e+00 0.000000000000000000e+00
7.244016914308760990e-02 7.640614583972510445e+02
1.337170089069788792e-01 1.037767051970043667e+03
1.531092336757371442e-01 1.116680371094956172e+03
2.699633569172814329e-02 3.708624120832549806e+02
0.000000000000000000e+00 0.000000000000000000e+00
1.350685412058491297e-01 1.030346628000675082e+03
1.405963178687486340e-03 9.877966474300612276e+01
1.385059842235029232e-02 3.278452522310363975e+02
1.532514567474913825e-01 1.116975995320270158e+03
1.182039220863992379e-01 9.802966118478066164e+02
3.956884603312067483e-01 1.804502588899419379e+03
3.856634190760795944e-01 1.781953125170091425e+03
6.422756307373034268e-02 7.087761133459345047e+02
0.000000000000000000e+00 0.000000000000000000e+00
8.006963612942867223e-03 2.392913209399762025e+02
3.272247058385143736e-01 1.448241775045739587e+03
2.394539147111868216e-01 1.399896547362490764e+03
2.173079369910606642e-02 4.119751444222886789e+02
1.342735393044326708e-01 1.043813616502697641e+03
3.616872166040618897e-03 1.157932716365748718e+02
4.427581154411534652e-03 1.019950001445607342e+02
4.855394299105924016e-01 2.003246880071116721e+03
0.000000000000000000e+00 0.000000000000000000e+00
1.567020596351824668e-01 1.125689020705014400e+03
4.270958552712545986e-01 1.876474276443469535e+03
3.040095867045636974e-02 4.921752171677583760e+02
5.133254292462424706e-01 2.052464567985620306e+03
3.167022791118431074e-02 5.028115818624083886e+02
0.000000000000000000e+00 0.000000000000000000e+00
4.415058118569964093e-03 1.107094853890883428e+02
2.459518411679287198e+00 4.550700031675195532e+03
0.000000000000000000e+00 0.000000000000000000e+00
6.099292209813753779e-02 7.012095644139419619e+02
4.545930248697929547e-03 1.794255751829506096e+02
1.041163385969807176e-01 9.178522101651948333e+02
4.532288169291525531e-02 6.012254216307092065e+02
7.720121894053154354e-03 1.402390056658515789e+02
6.592387079946286643e-02 7.217934584458207610e+02
2.303626438088724471e-01 1.371789507385309662e+03
6.614339015109627073e-02 7.275900821916726500e+02
3.033471816626456818e-01 1.577668925687862838e+03
2.622740253825939782e-01 9.724714724900236433e+02
