2.292612187850888352e-03 3.825534785186693512e+02
6.109806088141285507e-02 2.012120381525112180e+03
7.682133118917163286e-03 7.051089329635194645e+02
3.096312946056805140e-02 1.426864571859259058e+03
1.014681740667438548e-01 2.600511972433109804e+03
1.018901062983368312e-03 2.538562074795319461e+02
7.934162087334354838e-03 7.167083923572583899e+02
8.433604430153214245e-05 7.197396990882469936e+01
9.828735317319126173e-04 2.492751273467907822e+02
6.675931458572825945e-04 2.049900242323896578e+02
1.894918563452710697e-03 3.474170022313643926e+02
2.777935169947618257e-02 1.350683906776702997e+03
2.300788051344600238e-02 1.227895234467902583e+03
5.815439358792460741e-04 1.911652706764067204e+02
8.009845655091730673e-03 7.201631799186524177e+02
2.431561479570097228e-03 3.941071727650369780e+02
6.183445877688003960e-03 6.318214782374819833e+02
2.919729838374912276e-04 1.349239033627716253e+02
2.597371196337633914e-01 4.182958850860469283e+03
4.325920782849932908e-03 5.273936746747957613e+02
1.328405419131893986e-02 9.300954820096225149e+02
2.078500551240633834e-02 1.166397658010931082e+03
6.801460494455098885e-03 6.629977837934239915e+02
1.265117805553541974e-01 2.907397456384830548e+03
1.157964205791543397e-02 8.677146905243523634e+02
2.773735106700524547e-02 1.349650296645532308e+03
1.481506817532309526e-02 9.828524308869689321e+02
4.070441462178504000e-01 5.249806102439772076e+03
5.829520618331465037e-02 1.964899518056741954e+03
9.673146426765009270e-03 7.922608425535537435e+02
6.091961591426687909e-03 6.270765168540418699e+02
2.441664892214855023e-03 3.949327770783514779e+02
1.126556566249654716e-02 8.557327309188692652e+02
3.925200490720787139e-03 5.020972489985302900e+02
2.876814458723040129e-03 4.290838347038893517e+02
9.146849903241664054e-03 7.701635571435064094e+02
6.421398653102650773e-04 2.010007075438729203e+02
7.989029897176510089e-03 7.192122211166625902e+02
2.038988580121499274e-03 3.605325657473200067e+02
1.080451178037688826e-03 2.614999065468543904e+02
2.358762840419759751e-03 3.880945989432751162e+02
1.335125018235386839e-02 9.324862584636541669e+02
2.202042276855958707e-03 3.748348638616018320e+02
5.727674879918286110e-03 6.078258475992799958e+02
3.282699339640510194e-03 4.587009200049556625e+02
2.245098096255589495e-02 1.212782917730517511e+03
3.707764256178031591e-03 4.878342290694766348e+02
2.876000721219515444e-02 1.374581829067564968e+03
1.288402384564975040e-03 2.858432021876269005e+02
6.361766586472471750e-03 6.409688828245954255e+02
1.846878323912021919e-02 1.098741607058625277e+03
4.491686426891153446e-03 5.375149087522001992e+02
8.672794069446723925e-04 2.339849562207122062e+02
2.047452253198955158e-02 1.157565016955682950e+03
2.524189073101675007e-02 1.286816877826277960e+03
9.993325739438198990e-03 8.054069081062465330e+02
2.880123762960043812e-02 1.375583685939115867e+03
5.218746894178163606e-03 5.798866748287580322e+02
2.268311205293986957e-03 3.804977583848591394e+02
5.107773210007026006e-03 5.736183891821708585e+02
4.262496534429755651e-02 1.677188031550827873e+03
1.372710026019364517e-02 9.456648061204924716e+02
8.404669581368566164e-03 7.379009675966029818e+02
7.554394416019148684e-03 6.991555274820209434e+02
3.913221533557235108e-04 1.564465290305184908e+02
4.767982862417524149e-03 5.539913899119042071e+02
1.169332500642077414e-03 2.721639568451153082e+02
5.769570889646197763e-03 6.100707680592169027e+02
2.594102097079740987e-03 4.072164304617321022e+02
6.423540409919634847e-03 6.441079238860305622e+02
1.865262513994480134e-02 1.104275361153184122e+03
8.681652083981731280e-04 2.341129776147448638e+02
1.968416079014913972e-02 1.134736850591760003e+03
4.803982742174947411e-03 5.561039029555730622e+02
7.683741814515782954e-03 7.051816443395547367e+02
2.447196085824284752e-03 3.953868818810273069e+02
3.149039640065339450e-03 4.491595300299288169e+02
1.867582662186785449e-03 3.448748234579733776e+02
4.359570359193921246e-02 1.696397999454735327e+03
1.970197057800480642e-02 1.135265300860006391e+03
5.913467093195893219e-03 6.177151419558049383e+02
9.718707828564782797e-03 7.941435987504730747e+02
8.593089518648073860e-04 2.329043718560311618e+02
9.205739081684813363e-02 2.475613145980518311e+03
2.853422899686388963e-04 1.333600744606382591e+02
1.207053973162480753e-03 2.765691883710696857e+02
6.984410203767082992e-03 6.719624194115471028e+02
1.664909545117258458e-02 1.042612339216715100e+03
1.533947562136557270e-03 3.122045601416091358e+02
1.257407915683958315e-02 9.046215968294510503e+02
6.622122912214980291e-05 6.371433871628129708e+01
8.922054318934755784e-03 7.605318242367015955e+02
2.543926155748341481e-03 4.032125260655703300e+02
2.356706229020902668e-02 1.242907235043198625e+03
3.241379564513124228e-02 1.460284194107563280e+03
2.234055747483394000e-02 1.209761022400576621e+03
3.801300329059202621e-02 1.582826016381630325e+03
2.242429507175693754e-02 1.212051757745076657e+03
1.323665906005061163e-02 9.284308336314186363e+02
1.440426249939366458e-02 9.689789756385146120e+02
6.774538641908809181e-03 6.616753336819181186e+02
3.946508617956460963e-02 1.613117049299690507e+03
1.811688815278324205e-02 1.088121205488431542e+03
1.312381780715069640e-02 9.244200072943511941e+02
1.560419464285017722e-03 3.149182861577768335e+02
7.650928336482150371e-02 2.254513576828970599e+03
1.819390178516121920e-02 1.090176112965387347e+03
3.247874662525399025e-02 1.461750657277607615e+03
4.742693875695220412e-03 5.525029708169702189e+02
5.417361140635919238e-04 1.844370789719031336e+02
2.815439302823000145e-02 1.359869395816660926e+03
2.582419744339869289e-02 1.301739366805140207e+03
4.386690341014840011e-03 5.311282429984830742e+02
4.632918349310284449e-03 5.460016790186208482e+02
2.193441426720432741e-02 1.198591329388053509e+03
2.243476766081984090e-04 1.180940178168146417e+02
2.437854891501061599e-04 1.231589548958875895e+02
6.226202511432243035e-03 6.340064313457240814e+02
6.098298502759551959e-02 2.010199253325083419e+03
2.560674737783377036e-02 1.296187221366267522e+03
3.434989662463462830e-03 4.693422352790841501e+02
3.380889319045967908e-04 1.451674539716719039e+02
3.656407223590360609e-03 4.844045502654220741e+02
3.093913131268791195e-02 1.426307046668217254e+03
1.867511652505142450e-02 1.104948933821592391e+03
2.241891021320453412e-03 3.782492099184158292e+02
9.017192290531932108e-03 7.646185452653387529e+02
1.191343810696884496e-03 2.747438864501051512e+02
2.663721825390874109e-03 4.127067827287313548e+02
5.352347971145747507e-04 1.833170255405285047e+02
3.515213538337994079e-03 4.748533266861735456e+02
1.297961751224569089e-02 9.192687258357336759e+02
3.430867078814601318e-02 1.502851526976994819e+03
7.777790073030427763e-03 7.095337331559048835e+02
3.292974108017511763e-03 4.594242962128703880e+02
4.089636224362589063e-03 5.126255022166933486e+02
5.694900166586020938e-04 1.891581118928979208e+02
7.578232646488207436e-03 7.002551522261890113e+02
2.477668740983150633e-04 1.241762204997033905e+02
9.281052325907304321e-03 7.758538336366716521e+02
1.272980476433870252e-02 9.102805711539972435e+02
2.122739145923052944e-03 3.679476131512046209e+02
2.124587431925381575e-02 1.179416161451789321e+03
2.253348947831706854e-03 3.792263090975092155e+02
7.360691575902415101e-03 6.900313744035454420e+02
2.261169193911284972e-02 1.217165645878559417e+03
2.161283557372254555e-02 1.189675010454321864e+03
1.118019943454370878e-03 2.660575736234754913e+02
1.170415214026723598e-02 8.724153313612511056e+02
5.187196659736556872e-03 5.781110911521536764e+02
7.373438982004508480e-02 2.212786001103655508e+03
1.923092015521333034e-02 1.121456597597580412e+03
3.093871532376264808e-03 4.451585171189647099e+02
3.921144107127091244e-02 1.607863746546024458e+03
3.593939426394812675e-02 1.538557153426389505e+03
4.611408265774046000e-03 5.446824671894238463e+02
7.437674297463297071e-03 6.936723676621750201e+02
2.471499677497163237e-03 3.973665005713840515e+02
5.351762208450493337e-03 5.873152582825683794e+02
3.495545086535721915e-04 1.477769016355561291e+02
1.379160878389442063e-03 2.958533210675788609e+02
3.061168353872868036e-02 1.418651139927047325e+03
3.596711278930676131e-02 1.539156610961041679e+03
1.538458862462008421e-02 1.001783595019671907e+03
3.907928042042469081e-03 5.009686377553576904e+02
1.143017107036116073e-02 8.620320657596564615e+02
1.706922971479287940e-02 1.055832932007908084e+03
5.492291260538278291e-02 1.906573318488565292e+03
4.451595816298602529e-03 5.350793231477140353e+02
4.870767664352735477e-02 1.794232388997147382e+03
2.399694012350013332e-03 3.914789818368691385e+02
9.378966378297831294e-03 7.799798055136037647e+02
5.870497831419435597e-01 6.317848294414084194e+03
3.255539593893632191e-04 1.425550832259182812e+02
1.278701837939550875e-02 9.123470177517847333e+02
9.627623533354048510e-03 7.903737195566958462e+02
8.069333268559642988e-03 7.228632215413538233e+02
1.456061090680185396e-03 3.040790687977544735e+02
9.641599022174231204e-02 2.534206687776480521e+03
7.461479528615947918e-03 6.947942890339994619e+02
2.323943613392811386e-02 1.234139410305675710e+03
4.218908373715891946e-03 5.207560215511501838e+02
1.279913088847868530e-02 9.127735855620380789e+02
8.539615587605723160e-03 7.438691113324459820e+02
1.988305700579079231e-03 3.559088528156452185e+02
1.084986706348839008e-01 2.690118705034075901e+03
1.234851133298692227e-02 8.963703386244058038e+02
1.325755288087760754e-04 9.050908213857528040e+01
1.333120420141073329e-03 2.908102846186825445e+02
7.582083231682783947e-03 7.004511129986292417e+02
6.551980319583451499e-03 6.505909290420289608e+02
1.955574587906612136e-02 1.130998523158027865e+03
2.146098484932001602e-02 1.185436826112313156e+03
5.657671838048271805e-03 6.040508306031063057e+02
1.685249627495576941e-01 3.361085374548706568e+03
7.486955411977943295e-04 2.172177182443903405e+02
2.879322601835433357e-02 1.375178560798001854e+03
1.189096159249302884e-02 8.794347993131466410e+02
1.905222119591938384e-03 3.483685197946537642e+02
7.644930431222471227e-03 7.033795866332691276e+02
2.039157284580859412e-04 1.125270318172419906e+02
1.650472594735416455e-04 1.008547503258197224e+02
1.212271228440589370e-02 8.880615287872618637e+02
1.703702659652888973e-01 3.379647955396815178e+03
1.345415225319296533e-02 9.361028593379472795e+02
2.143471140743988951e-02 1.184703658498970753e+03
1.928227266603871597e-03 3.504917683239536359e+02
3.537824990490806565e-02 1.526356661826149548e+03
2.291559779210342387e-03 3.824634731932790146e+02
1.810832485107262413e-02 1.087863248332176227e+03
1.907131426534899204e-04 1.086623606228396710e+02
5.225246933812752181e-02 1.859119920663347330e+03
3.240825906710658594e-02 1.460163296663968595e+03
3.324129302495220598e-03 4.616192172756217929e+02
4.364954998841914552e-04 1.653454289086129165e+02
6.906545794883987670e-03 6.681648313463221029e+02
3.611330454595971812e-03 4.813727072721692934e+02
3.063134233315033218e-04 1.380726824886749284e+02
5.780861699090614376e-03 6.106725312687417500e+02
1.634882503352783414e-02 1.033059736677338151e+03
5.073554221353697609e-03 5.716686485834361520e+02
2.188574781122573296e-02 1.197240664007189253e+03
1.380078285992751390e-02 9.476668681419265567e+02
