0.000000000000000000e+00
0.000000000000000000e+00
1.119511912848027535e+00
0.000000000000000000e+00
0.000000000000000000e+00
1.392633997258312384e+00
8.626088743678259618e-01
8.123372495091207846e-02
6.271549001342435758e-01
1.314862977120997201e+00
1.787553281825674745e+00
0.000000000000000000e+00
7.264617905736510117e-01
2.873705661128043154e-01
0.000000000000000000e+00
1.686419602439942711e+00
0.000000000000000000e+00
2.075771672516499855e-01
0.000000000000000000e+00
1.396945353267728063e+00
4.961483571413682903e-01
6.992260119233262294e-01
4.999879940319320593e-01
0.000000000000000000e+00
1.593160187233528813e+00
0.000000000000000000e+00
3.314370990166788378e-01
1.086378001632979817e+00
0.000000000000000000e+00
1.909886624417584944e+00
0.000000000000000000e+00
9.579157678197229853e-01
0.000000000000000000e+00
0.000000000000000000e+00
5.320628813815506675e-01
0.000000000000000000e+00
9.507442353418440462e-01
5.765731429389269191e-01
2.069138199025580160e+00
0.000000000000000000e+00
1.146297835127617848e+00
2.154499494408153470e+00
1.523081768290081683e+00
1.309751770270175086e+00
0.000000000000000000e+00
1.994524885891340915e+00
0.000000000000000000e+00
1.293738887490440082e+00
1.879397038354718941e+00
1.566848260027398076e+00
2.700982683847492627e-01
8.250126660149519342e-01
3.134836655248127713e-01
0.000000000000000000e+00
1.217758119823001639e+00
6.387981407021108282e-01
0.000000000000000000e+00
0.000000000000000000e+00
1.470472559611432306e+00
0.000000000000000000e+00
0.000000000000000000e+00
1.111943984540277874e+00
0.000000000000000000e+00
0.000000000000000000e+00
1.177792879041943408e-01
1.802625674060898575e+00
8.223216208366235236e-01
0.000000000000000000e+00
2.986260451675877725e+00
1.109216626741621248e+00
9.895698294827792729e-01
4.973472066965514138e-01
7.786252675392462130e-01
0.000000000000000000e+00
1.567926782069246627e+00
1.006427011538266747e+00
0.000000000000000000e+00
1.501216699581176872e+00
0.000000000000000000e+00
0.000000000000000000e+00
1.179872877473444603e+00
4.345317852477708076e-01
1.893616002031110135e+00
0.000000000000000000e+00
1.323477514765891705e-01
1.325389165291926297e+00
0.000000000000000000e+00
0.000000000000000000e+00
7.841364824857752769e-01
7.337074829327463465e-01
1.770855374333375476e-01
2.759186557815322516e+00
6.871651203060948898e-01
0.000000000000000000e+00
1.797758424433156588e+00
0.000000000000000000e+00
0.000000000000000000e+00
8.220442183774159250e-01
0.000000000000000000e+00
0.000000000000000000e+00
1.292091715455883083e+00
0.000000000000000000e+00
1.040598625399429711e+00
0.000000000000000000e+00
0.000000000000000000e+00
0.000000000000000000e+00
9.900824359715065803e-02
7.018933144361494403e-01
8.299694504955126284e-01
3.164257690533549550e-01
0.000000000000000000e+00
4.985815217532048038e-01
0.000000000000000000e+00
4.033660532280578526e-01
0.000000000000000000e+00
7.363035690735930672e-02
2.414890270814211704e-01
2.077941898869395398e-01
0.000000000000000000e+00
0.000000000000000000e+00
1.615643954279552208e+00
4.226430231391664627e-02
0.000000000000000000e+00
0.000000000000000000e+00
0.000000000000000000e+00
1.516574119785497388e+00
9.747263220947435247e-01
1.122667676523260827e+00
2.710449416386907284e+00
2.203718289354399396e-01
0.000000000000000000e+00
1.336451830506950156e+00
8.112793230813670764e-01
1.624689439162656956e+00
6.138604446886488653e-01
0.000000000000000000e+00
7.231617441575264316e-01
3.682065402330749748e-01
2.379680997865960546e-01
1.573950879118091173e+00
0.000000000000000000e+00
0.000000000000000000e+00
0.000000000000000000e+00
0.000000000000000000e+00
0.000000000000000000e+00
0.000000000000000000e+00
6.355378100569399891e-01
1.238321077009308713e+00
8.919610425857238400e-01
0.000000000000000000e+00
1.547272586745081835e+00
0.000000000000000000e+00
5.087593888374954965e-01
0.000000000000000000e+00
9.144139958933734658e-01
2.127611114295613337e-01
0.000000000000000000e+00
1.060443279848063636e+00
1.230085797623600818e+00
1.545053320995175561e-01
9.596107742295814091e-01
0.000000000000000000e+00
0.000000000000000000e+00
0.000000000000000000e+00
4.855172054616703203e-01
0.000000000000000000e+00
0.000000000000000000e+00
0.000000000000000000e+00
5.367274803943877792e-01
0.000000000000000000e+00
4.374026562788526640e-01
9.421125048494707332e-01
0.000000000000000000e+00
1.448816397482570739e-01
0.000000000000000000e+00
0.000000000000000000e+00
0.000000000000000000e+00
4.161966673813199957e-01
0.000000000000000000e+00
0.000000000000000000e+00
0.000000000000000000e+00
0.000000000000000000e+00
4.100883293682946462e-01
0.000000000000000000e+00
1.158032975483829219e-01
0.000000000000000000e+00
4.549204493966323426e-01
2.608972501397026633e-01
3.773107562858304398e-01
0.000000000000000000e+00
0.000000000000000000e+00
0.000000000000000000e+00
0.000000000000000000e+00
5.439887658482469579e-01
0.000000000000000000e+00
2.936274783635901553e-01
1.466693259478244471e-01
0.000000000000000000e+00
5.795489416988974796e-01
0.000000000000000000e+00
7.909689860019031293e-02
2.987222949604362299e-02
0.000000000000000000e+00
0.000000000000000000e+00
6.605970131421032843e-01
0.000000000000000000e+00
2.211747684272277858e+00
1.549046444003573608e+00
1.258276302939095981e+00
0.000000000000000000e+00
5.061733685852742859e-02
0.000000000000000000e+00
0.000000000000000000e+00
0.000000000000000000e+00
2.414617257016233864e-01
1.778772528762040839e+00
8.731517772157253443e-01
4.191191003388428094e-02
5.771739287594428447e-01
1.356577095415351319e+00
9.980152436681433148e-01
1.293646771436339549e+00
7.106682443242262615e-02
