0.000000000000000000e+00
0.000000000000000000e+00
0.000000000000000000e+00
0.000000000000000000e+00
0.000000000000000000e+00
0.000000000000000000e+00
0.000000000000000000e+00
1.437709015868233742e-01
2.051257865211131737e+00
0.000000000000000000e+00
0.000000000000000000e+00
0.000000000000000000e+00
0.000000000000000000e+00
5.777869686197809607e-01
0.000000000000000000e+00
0.000000000000000000e+00
0.000000000000000000e+00
3.932950890962907398e-01
0.000000000000000000e+00
0.000000000000000000e+00
1.247331963296857804e+00
0.000000000000000000e+00
1.261254920956105696e+00
0.000000000000000000e+00
0.000000000000000000e+00
0.000000000000000000e+00
6.917158948455450762e-01
0.000000000000000000e+00
0.000000000000000000e+00
0.000000000000000000e+00
0.000000000000000000e+00
0.000000000000000000e+00
0.000000000000000000e+00
0.000000000000000000e+00
1.411460069080820556e+00
0.000000000000000000e+00
0.000000000000000000e+00
1.665052786916970451e+00
0.000000000000000000e+00
0.000000000000000000e+00
0.000000000000000000e+00
0.000000000000000000e+00
0.000000000000000000e+00
0.000000000000000000e+00
0.000000000000000000e+00
0.000000000000000000e+00
0.000000000000000000e+00
0.000000000000000000e+00
0.000000000000000000e+00
0.000000000000000000e+00
5.361064647540165762e-01
0.000000000000000000e+00
6.433592458181220941e-01
0.000000000000000000e+00
0.000000000000000000e+00
2.196439287874957902e+00
0.000000000000000000e+00
0.000000000000000000e+00
0.000000000000000000e+00
0.000000000000000000e+00
0.000000000000000000e+00
0.000000000000000000e+00
0.000000000000000000e+00
0.000000000000000000e+00
2.112212632579133498e-01
0.000000000000000000e+00
0.000000000000000000e+00
0.000000000000000000e+00
0.000000000000000000e+00
0.000000000000000000e+00
0.000000000000000000e+00
1.249121505524528164e+00
0.000000000000000000e+00
0.000000000000000000e+00
0.000000000000000000e+00
0.000000000000000000e+00
0.000000000000000000e+00
0.000000000000000000e+00
0.000000000000000000e+00
0.000000000000000000e+00
0.000000000000000000e+00
1.006132878859356428e+00
0.000000000000000000e+00
0.000000000000000000e+00
2.397748504674992454e-01
0.000000000000000000e+00
0.000000000000000000e+00
0.000000000000000000e+00
0.000000000000000000e+00
0.000000000000000000e+00
3.294587355899674108e-01
0.000000000000000000e+00
3.019747839207592932e+00
0.000000000000000000e+00
0.000000000000000000e+00
0.000000000000000000e+00
0.000000000000000000e+00
0.000000000000000000e+00
0.000000000000000000e+00
0.000000000000000000e+00
0.000000000000000000e+00
0.000000000000000000e+00
0.000000000000000000e+00
0.000000000000000000e+00
0.000000000000000000e+00
0.000000000000000000e+00
1.760356584003162084e-01
0.000000000000000000e+00
0.000000000000000000e+00
6.511549611188278686e-01
0.000000000000000000e+00
1.273457514200578622e+00
0.000000000000000000e+00
9.017398673972798484e-01
0.000000000000000000e+00
1.300684827517009090e-01
4.680329560215839013e-01
3.938202279494498192e-01
0.000000000000000000e+00
0.000000000000000000e+00
0.000000000000000000e+00
7.399324117749683793e-02
0.000000000000000000e+00
0.000000000000000000e+00
0.000000000000000000e+00
0.000000000000000000e+00
0.000000000000000000e+00
0.000000000000000000e+00
0.000000000000000000e+00
4.213855309456737697e-01
0.000000000000000000e+00
0.000000000000000000e+00
0.000000000000000000e+00
0.000000000000000000e+00
1.936938260512241161e+00
0.000000000000000000e+00
0.000000000000000000e+00
7.947087327987931715e-01
4.608873415523941919e-01
0.000000000000000000e+00
0.000000000000000000e+00
0.000000000000000000e+00
0.000000000000000000e+00
0.000000000000000000e+00
0.000000000000000000e+00
0.000000000000000000e+00
2.606969311699468772e+00
0.000000000000000000e+00
0.000000000000000000e+00
0.000000000000000000e+00
0.000000000000000000e+00
0.000000000000000000e+00
1.299830927038444273e+00
0.000000000000000000e+00
0.000000000000000000e+00
4.044781344342227580e-01
0.000000000000000000e+00
0.000000000000000000e+00
0.000000000000000000e+00
2.838806163949929573e-01
0.000000000000000000e+00
0.000000000000000000e+00
0.000000000000000000e+00
0.000000000000000000e+00
1.199539098997462361e+00
0.000000000000000000e+00
0.000000000000000000e+00
0.000000000000000000e+00
1.435174268366643080e+00
0.000000000000000000e+00
1.015831557049190703e+00
0.000000000000000000e+00
0.000000000000000000e+00
2.646142612607949030e-01
0.000000000000000000e+00
0.000000000000000000e+00
0.000000000000000000e+00
9.432833596636389650e-01
0.000000000000000000e+00
0.000000000000000000e+00
0.000000000000000000e+00
0.000000000000000000e+00
9.233936792580617059e-01
0.000000000000000000e+00
2.078637813592405514e-01
0.000000000000000000e+00
1.080544782251086744e+00
5.134831042651528676e-01
8.215137778931995705e-01
0.000000000000000000e+00
0.000000000000000000e+00
0.000000000000000000e+00
0.000000000000000000e+00
1.473342739918152233e+00
0.000000000000000000e+00
5.932451316136786446e-01
2.682469162583180911e-01
0.000000000000000000e+00
1.681753452218943234e+00
0.000000000000000000e+00
1.399142854026123040e-01
5.207260571193828014e-02
0.000000000000000000e+00
0.000000000000000000e+00
2.998485363859342279e+00
0.000000000000000000e+00
0.000000000000000000e+00
0.000000000000000000e+00
0.000000000000000000e+00
0.000000000000000000e+00
8.888900451287384818e-02
0.000000000000000000e+00
0.000000000000000000e+00
0.000000000000000000e+00
4.690931280040773199e-01
0.000000000000000000e+00
0.000000000000000000e+00
7.340861159216616194e-02
1.667517082993201338e+00
0.000000000000000000e+00
0.000000000000000000e+00
0.000000000000000000e+00
1.254620090056934867e-01
