7.725222047152349170e-01
0.000000000000000000e+00
4.653899896108388834e-01
8.489555493110214623e-01
0.000000000000000000e+00
5.282540213418072117e-01
3.907695348739916863e-01
4.669609762312454393e-02
3.072426055298442815e-01
5.125879429848734237e-01
5.947888218725430054e-01
8.352693799081194470e-01
3.437569903455182097e-01
1.563604415805699421e-01
1.068989355561832610e+00
5.800647203004152264e-01
9.747095567140440231e-01
1.159242166697163068e-01
0.000000000000000000e+00
5.291211343547690404e-01
2.531758584840810844e-01
3.341217877068785036e-01
2.548269127331210804e-01
0.000000000000000000e+00
5.643429114945794911e-01
0.000000000000000000e+00
1.779711038855076310e-01
3.939892067950754306e-01
6.412440611034193605e-01
6.100600011692418612e-01
8.700033457686515703e-01
4.204438381700206229e-01
8.063718041396015224e-01
1.100324250595605236e+00
2.684181873446016553e-01
1.125781624856513563e+00
4.183587908271075850e-01
2.868423947018969855e-01
6.284054055753014456e-01
9.497523306696520340e-01
4.722304789233739974e-01
6.343531978017873385e-01
5.530752053108749511e-01
5.108667861715980862e-01
7.481416136907521608e-01
6.132655294328974716e-01
9.428045493773689056e-01
5.012419710810975815e-01
6.067843526786778074e-01
5.606554610592007215e-01
1.477816897186949863e-01
3.784279039241909004e-01
1.691631830899227307e-01
0.000000000000000000e+00
4.884444967475931598e-01
3.116598276476265639e-01
1.008068310995994921e+00
9.157883367369172856e-01
5.435497668483177947e-01
2.174125554876068289e+00
7.836829811710381843e-01
4.629914592267803108e-01
1.341448739827617143e+00
1.140293840431778172e+00
6.687492209028134127e-02
5.968015852146115741e-01
3.775233374777013928e-01
9.883042582483012595e-01
6.861399865922186425e-01
4.627684466280390652e-01
4.047953384542728461e-01
2.537277094003993483e-01
3.625236153094351099e-01
9.048627263200612614e-01
5.606655300402849651e-01
4.346631790318744581e-01
8.911132529465057850e-01
5.491463406327086183e-01
0.000000000000000000e+00
9.344657623974295113e-01
4.806214462052718073e-01
2.262445148767191494e-01
6.085959013980015708e-01
0.000000000000000000e+00
7.510177277745544444e-02
5.142212047759939786e-01
9.746670920229385526e-01
1.840908187748801161e+00
3.646864889642249530e-01
3.468012446953283590e-01
9.988130852448806607e-02
6.713791750074507014e-01
3.298955160043366419e-01
1.580491462602698682e+00
5.828578414763116999e-01
6.699105689226729776e-01
6.701244529278052031e-01
3.771656926041295765e-01
1.820346571231846955e+00
1.113084327767634107e+00
5.069074255471450741e-01
8.822058696504115893e-01
4.435823221146855122e-01
1.541619315135905222e+00
7.118316305727865334e-01
0.000000000000000000e+00
5.646859115773650295e-02
3.347190252109704112e-01
3.800636837673767587e-01
1.706098197208045786e-01
6.929236897042299059e-01
2.541139264639469264e-01
1.286465501370903208e+00
2.122344985384696514e-01
8.281113341050210241e-01
4.247329997527993228e-02
1.335048777480938309e-01
1.160241768617957803e-01
1.063396877269771501e+00
1.106986299738459856e+00
5.689237403895899270e-01
2.476855158635249410e-02
9.932253570808229348e-01
0.000000000000000000e+00
9.640439791031776284e-01
5.521595534606602573e-01
4.253911552279687758e-01
4.662458323209686117e-01
6.753016955018251721e-01
1.225308993789291367e-01
1.286714758759070154e+00
5.155131119525855343e-01
3.727187565071385933e-01
5.701550034008808776e-01
3.018758726907493362e-01
1.174202300361153473e+00
3.431848975545146452e-01
1.957298634948088090e-01
1.315942563108547514e-01
5.606449341190631319e-01
1.561363629932317032e+00
9.792073588890468638e-01
2.130217277053455316e+00
8.357368381858323314e-01
8.890013642799712290e-01
1.003307975409486907e+00
3.101376842236165388e-01
4.946535452302334157e-01
4.001149015641822793e-01
7.299701995242000585e-01
5.149660314199677735e-01
7.218168676618981205e-01
2.585804382211900343e-01
7.118265472508495950e-01
4.055781101916744458e-01
1.185882320967788228e-01
9.221932490729070064e-01
4.496375299472143983e-01
4.927262264296825567e-01
8.744731643102876539e-02
4.209677812225756099e-01
1.038054997892488895e+00
6.321550057183560334e-01
7.737903094158380402e-01
2.486190780241119835e-01
8.770123462069927545e-01
7.361758245473162265e-01
2.503213630447878035e+00
2.703763758068715717e-01
0.000000000000000000e+00
2.275466528050711368e-01
4.156943850993755074e-01
0.000000000000000000e+00
8.211039397550989882e-02
8.268849426381006396e-01
7.906139779077259178e-01
1.093685160484260788e+00
2.180321308199999475e-01
0.000000000000000000e+00
2.044603966493194314e+00
0.000000000000000000e+00
7.419095684179146666e-01
2.152487907668649836e-01
7.955528792059940457e-01
6.572231077777446195e-02
0.000000000000000000e+00
2.352774231054821641e-01
1.432720416029071853e-01
2.000675438287646823e-01
9.421265078672074189e-01
8.044804058627992305e-01
9.431257638286869582e-01
7.985575886845863725e-01
2.734082683883429787e-01
0.000000000000000000e+00
1.594346954397929395e-01
8.309640195742939994e-02
9.375776349404432164e-01
2.880893150681109738e-01
7.684259884118573858e-01
4.551195263478780006e-02
1.766838891765409869e-02
1.936340393026994899e+00
0.000000000000000000e+00
3.198684652771246473e-01
9.250294877150553319e-01
6.420569823390191999e-01
5.469388682811537894e-01
4.992397582260490463e-01
0.000000000000000000e+00
2.953676106925340328e-02
2.172280645564506507e+00
0.000000000000000000e+00
8.236677859772001398e-01
1.333461043966841508e-01
5.934458383624565680e-01
3.941940756462292139e-01
2.457945599772348722e-02
2.870871577848361778e-01
5.203594931652675282e-01
4.322134755324027466e-01
5.040888968537760029e-01
4.104344248108926507e-02
