1.923515605736494383e-01
3.571639274494344818e-01
1.329071255493259329e-01
2.038826342298418748e-01
4.669134953350673189e-01
1.466274461142631491e-01
1.154405897607244658e-01
1.642386405081097678e-02
9.428530002471835481e-02
1.434026319196080035e-01
1.602541955509213523e-01
2.019808463682544186e-01
1.037379589423907955e-01
5.154710943306106685e-02
2.342443361769690480e-01
1.573071346937009451e-01
2.223067425926184004e-01
3.885430099394837633e-02
6.595572476948150520e-01
1.468076542496448145e-01
7.969261637992830494e-02
1.012779892297845930e-01
8.015226417032383921e-02
4.692759922623810365e-01
1.541230110759781446e-01
4.484008158707866176e-01
5.804447779007637642e-02
1.105863525346573173e-01
1.679305637539874052e-01
1.632390689010640994e-01
2.075802848618180096e-01
1.225252336268922715e-01
1.978303134226602200e-01
2.379608791334038020e-01
8.389593475435574987e-02
2.408721529337034539e-01
1.220439412289571202e-01
8.887342442550871802e-02
1.667694142677347280e-01
2.189455746286499416e-01
1.344388657069210957e-01
1.678982174713061770e-01
1.518109185747322787e-01
1.429106873386185583e-01
1.882744719545137446e-01
1.638455404458503128e-01
2.179927426644721056e-01
1.407043557188789595e-01
1.626013042416207810e-01
1.533708274867466859e-01
4.890999119684558138e-02
1.124320064244015427e-01
5.542299572080655601e-02
3.867335531325515330e-01
1.380226874832215511e-01
9.541360771968454557e-02
2.258410700296447082e-01
2.142471480633643122e-01
1.498686887093989561e-01
3.116029217034534948e-01
1.937808156308875596e-01
1.323588475643528994e-01
2.626529804947028701e-01
2.424938741831326183e-01
2.318170482085579742e-02
1.606398491394145367e-01
1.122074882690513586e-01
2.241086273579755428e-01
1.774770635789755246e-01
1.323170742138142231e-01
1.149287281362718627e-01
7.985591164004857134e-02
1.084921895128536651e-01
2.126937967594699774e-01
1.533770429788958722e-01
1.258675130630231287e-01
2.107081583527083968e-01
1.510007778181832183e-01
3.274171747943301902e-01
2.165379429453875293e-01
1.363089204700840273e-01
7.206743185094355297e-02
1.629594232949591603e-01
1.043613655371530502e+00
2.587355715948147505e-02
1.436342525235108081e-01
2.222978874010548278e-01
2.960702898070302069e-01
1.090720560965181551e-01
1.045330154563177683e-01
3.380006743794217172e-02
1.748047507343213347e-01
1.001961193249238935e-01
2.801739961942093515e-01
1.577740449886568808e-01
1.743667819591110391e-01
1.738932569600537548e-01
1.121138691239877971e-01
2.957044909817532208e-01
2.394000861824032711e-01
1.420582802517664778e-01
2.077122134790447827e-01
1.279202084185422361e-01
2.787752897023898502e-01
1.820520423944185229e-01
2.862619136569273248e-01
1.972151411233769025e-02
1.014117030847105916e-01
1.128304752716706716e-01
5.585385301681156101e-02
1.784678410446567387e-01
7.994554956353017161e-02
2.575833214120246684e-01
6.799880333375174501e-02
2.008062164543034100e-01
1.498155851664795257e-02
4.451042098713342554e-02
3.888322062611937469e-02
2.295819427946810265e-01
2.374291362600933208e-01
1.550548983876562925e-01
8.802972964494948371e-03
2.247568214709232404e-01
3.639878077212412855e-01
2.207287035655236540e-01
1.516668831015810515e-01
1.236884793500263591e-01
1.331009195750794127e-01
1.755372154630916448e-01
4.097840349600256893e-02
2.576074366524214732e-01
1.439081500420207327e-01
1.109824605458729074e-01
1.553090286908533901e-01
9.285336013910527875e-02
2.462015406249595806e-01
1.036493952383081840e-01
6.324706085325315641e-02
4.386695208727964257e-02
1.533935762556433158e-01
2.799884740279652284e-01
2.229142045130119154e-01
3.087784400202731039e-01
2.024035911626589357e-01
2.103849364858254578e-01
2.256753875266179765e-01
9.499818259280057298e-02
1.394006577264861324e-01
1.176849151972769736e-01
1.851867236051489840e-01
1.419363401057904817e-01
1.836656865179222553e-01
8.119747492810103218e-02
1.813971105824270236e-01
1.189376366721472955e-01
3.971480926321580007e-02
2.151563512573699821e-01
1.293206781479740997e-01
1.389768950247964874e-01
2.985012318010094035e-02
1.226543336117791316e-01
2.291952725663894963e-01
1.671551012993928165e-01
1.925427301315079109e-01
7.842244635827233523e-02
2.086117615977989281e-01
1.861973225760733541e-01
2.932224714885189876e-01
8.443106036713188267e-02
3.147468443546830308e-01
7.244878223784034788e-02
1.213948637255797269e-01
1.097570337164501808e+00
2.814057239112432995e-02
2.010187106673277935e-01
1.953037994301487501e-01
2.371776359160788772e-01
6.969565854397563598e-02
2.758852621476022282e-01
3.065657330085813648e-01
3.553108404664990783e-01
1.872211152411897839e-01
6.887860237272391828e-02
1.960954622097508260e-01
2.275127565046175526e-02
3.836927458268977187e-01
7.465391932492360105e-02
4.754863654769181380e-02
6.450217475331188055e-02
2.178996502334586971e-01
1.975748661168268416e-01
2.178826357577785533e-01
1.964828756687748701e-01
8.525570731446840966e-02
4.345098951561261469e-01
5.248179502500804894e-02
2.845462471366055901e-02
2.172136589292275044e-01
8.921563382868491487e-02
1.916636467037771130e-01
1.602066421172554378e-02
6.291397944006904552e-03
3.017122175069950618e-01
7.582506992879463059e-01
9.757901300493765362e-02
2.153587744015792449e-01
1.693548056738680696e-01
1.504122818334987510e-01
1.403962553064173058e-01
4.621809992738932227e-01
1.049963706907242056e-02
2.959874527112535958e-01
4.429517679755561321e-01
2.005542118313170530e-01
4.440851056099526240e-02
1.599737496490072353e-01
1.162651353569532642e-01
8.752402662251856924e-03
8.893862005948638405e-02
1.449440086896980340e-01
1.252923343516756383e-01
1.414032185554563448e-01
1.448978879518203478e-02
